    treeID dbh1  dbhc1 status1    code1  hom1     sp       wsg       agb1 date1
1       19  298  310.8       A   B;cylY  3.00 gustsu 0.5800000  0.6595199 14878
2       21  348  348.0       A     <NA>  1.30 virosu 0.4179091  0.6451540 14873
3       24  438  438.0       A     <NA>  1.30 protte 0.5697500  1.5101016 14872
4       25 1290 1420.4       A   B;cylN  5.20 brosal 0.5997187 26.4205588 14878
5       33  405  426.6       A   B;cylN  3.40 guatdu 0.4660000  1.1766135 14878
6       34 1653 1741.0       A   B;cylY  3.40 anacex 0.3912857 28.6507934 14878
7       35  358  358.0       A     <NA>  1.30 tri2tu 0.6275000  1.0056882 14869
8       37  555  581.7       A   B;cylN  3.20 beilpe 0.5043333  2.6924970 14878
9       38  451  471.7       A   B;cylY  3.12 beilpe 0.5043333  1.6177814 14878
10      39 1772 1798.5       A   B;cylY  1.90 anacex 0.3912857 30.8922314 14878
11      40  206  206.0       A     <NA>  1.30 guarsp 0.6072969  0.2463511 14869
12      42  333  333.0       A     <NA>  1.30 beilpe 0.5043333  0.6878989 14869
13      44  522  547.1       A   B;cylN  3.20 quaras 0.4540000  2.1066562 14878
    dbh2  dbhc2 status2    code2 hom2       agb2    date2 broken       agbl
1    304  317.0       A   B;cylY 3.00  0.6925962 16723.00      0         NA
2    357  357.0       A     <NA> 1.30  0.6870959 16720.00      0         NA
3    456  456.0       A     <NA> 1.30  1.6663617 16720.00      0         NA
4   1290 1420.4       A   B;cylN 5.20 26.4205588 16723.00      0         NA
5    424  446.6       A   B;cylY 3.40  1.3162106 16723.00      0         NA
6   1656 1744.2       A   B;cylY 3.40 28.7730904 16723.00      0         NA
7    368  368.0       A     <NA> 1.30  1.0763299 16719.00      0         NA
8    578  605.8       A   B;cylN 3.20  2.9702857 16723.00      0         NA
9    450  470.7       A   B;cylY 3.12  1.6094257 16723.00      0         NA
10  1762 1788.3       A   B;cylY 1.90 30.4878224 16723.00      0         NA
11   210  210.0       A     <NA> 1.30  0.2585611 16719.00      0         NA
12   339  339.0       A     <NA> 1.30  0.7189352 16719.00      0         NA
13   502  544.0       A   B;cylN 4.55  2.0778081 16723.00      0         NA
    agb1.surv interval year    gx    gy quadrat                      name
1          NA        1 2005 994.1 488.3    4924          Gustavia superba
2          NA        1 2005 990.5 488.9    4924       Virola surinamensis
3          NA        1 2005 992.7 469.3    4923       Protium tenuifolium
4          NA        1 2005 981.9 473.5    4923       Brosimum alicastrum
5          NA        1 2005 985.9 442.5    4922       Guatteria dumetorum
6          NA        1 2005 991.5 430.3    4921       Anacardium excelsum
7          NA        1 2005 991.6 431.8    4921     Trichilia tuberculata
8          NA        1 2005 998.9 430.5    4921     Beilschmiedia pendula
9          NA        1 2005 980.1 433.5    4921     Beilschmiedia pendula
10         NA        1 2005 989.1 421.3    4921       Anacardium excelsum
11         NA        1 2005 995.0 438.0    4921            Guarea bullata
12         NA        1 2005 986.5 425.8    4921     Beilschmiedia pendula
13         NA        1 2005 989.2 409.2    4920    Quararibea asterolepis
           ID      int code  dHOM        prod.g prod.r       loss ficus
1   2005-4924 5.047880    A  0.00  0.0065525151     NA         NA     0
2   2005-4924 5.053352    A  0.00  0.0082998128     NA         NA     0
3   2005-4923 5.056088    A  0.00  0.0309053364     NA         NA     0
4   2005-4923 5.047880    A  0.00  0.0000000000     NA         NA     0
5   2005-4922 5.047880    A  0.00  0.0276546111     NA         NA     0
6   2005-4921 5.047880    A  0.00  0.0242273974     NA         NA     0
7   2005-4921 5.061560    A  0.00  0.0139565101     NA         NA     0
8   2005-4921 5.047880    A  0.00  0.0550307694     NA         NA     0
9   2005-4921 5.047880    A  0.00 -0.0016552973     NA         NA     0
10  2005-4921 5.047880    A  0.00 -0.0801146156     NA         NA     0
11  2005-4921 5.061560    A  0.00  0.0024122806     NA         NA     0
12  2005-4921 5.061560    A  0.00  0.0061317786     NA         NA     0
13  2005-4920 5.047880   AC  1.35 -0.0057148856     NA         NA     0
        prod.rel error error.loss
1    -0.37935468    -1          0
2    -0.48051363    -1          0
3    -1.78924944    -1          0
4     0.00000000     0          0
5    -1.60105027    -1          0
6    -1.40263341    -1          0
7    -0.80800538    -1          0
8    -3.18597966    -1          0
9     0.09583263     0          0
10    4.63819676     1          0
11   -0.13965781     0          0
12   -0.35499634    -1          0
13    0.33086053     0          0
 [ reached getOption("max.print") -- omitted 294 rows ]
